718
53
604
792
372
625
539
426
824
496
960
103
397
634
106
55
916
905
445
709
674
840
494
461
717
139
945
848
224
391
475
933
923
901
698
585
349
400
147
404
131
423
567
39
20
553
158
165
153
945
321
340
797
613
164
993
168
608
79
483
486
781
969
118
259
109
610
400
268
528
424
972
425
689
749
390
100
704
309
939
385
712
36
574
406
834
791
914
3
922
76
639
480
313
954
281
248
63
765
21
252
409
422
778
610
392
394
428
673
405
686
231
98
221
14
10
121
984
962
514
24
425
967
427
548
941
571
334
401
300
534
955
865
512
566
505
138
322
649
238
541
385
774
530
467
998
585
720
419
970
295
707
644
486
202
918
324
372
210
741
405
630
581
319
678
643
674
755
948
582
987
690
430
715
715
725
349
557
442
254
598
555
858
287
238
359
866
819
369
3
307
780
446
41
102
593
789
628
648
587
945
314
647
282
381
0
964
855
718
204
285
567
924
614
776
868
129
728
693
63
5
522
930
207
552
362
483
901
162
430
359
181
255
225
645
669
549
237
710
200
116
166
950
136
728
605
884
484
672
408
990
686
675
958
678
324
450
654
961
542
299
752
227
424
941
784
498
40
4
411
574
891
533
869
483
827
994
673
906
57
480
154
195
245
886
476
388
729
472
184
229
864
589
278
159
445
528
985
450
762
463
318
266
179
590
743
251
953
422
61
758
639
126
894
809
503
745
520
807
979
300
409
244
811
621
490
452
301
683
782
79
65
531
524
0
588
24
551
487
469
423
927
824
161
245
503
586
53
918
271
266
329
99
770
795
754
389
312
538
943
405
664
968
15
588
850
647
802
99
203
296
819
937
781
701
398
595
518
343
860
608
211
298
99
248
308
198
783
678
502
687
384
316
340
417
156
151
57
157
430
340
746
165
331
144
960
132
610
933
830
123
626
21
883
73
915
100
652
859
204
370
421
999
341
317
159
108
731
755
923
308
175
988
129
581
741
61
484
601
569
191
959
702
762
619
798
489
288
38
810
333
442
903
414
805
695
84
174
557
644
152
858
455
864
689
841
678
127
25
0
251
807
112
793
86
664
317
822
411
609
633
633
927
959
663
207
80
206
536
833
106
582
431
736
733
977
601
510
375
603
721
656
815
654
705
157
593
630
567
41
508
777
386
293
737
938
547
119
213
62
484
982
378
721
576
130
590
400
774
957
554
9
72
781
579
30
579
344
517
448
6
406
635
105
775
660
626
711
636
315
260
207
384
176
335
357
213
486
651
317
885
516
880
965
120
151
237
163
895
191
321
977
827
784
534
259
359
600
101
81
12
240
20
663
726
445
608
995
894
533
700
44
892
911
234
134
422
245
405
306
455
102
80
726
358
167
587
817
812
462
486
74
241
156
248
181
813
545
728
977
810
110
736
2
636
979
552
623
599
589
554
580
952
613
333
624
355
25
196
493
735
393
275
508
248
664
84
667
108
646
580
332
102
42
398
774
155
338
280
918
2
708
762
917
73
438
595
783
481
706
238
723
717
460
911
10
577
633
433
770
722
702
560
359
861
806
725
829
523
848
723
997
927
387
400
697
477
152
8
544
860
937
718
212
373
95
223
75
957
105
580
977
995
677
257
763
310
547
234
454
770
937
816
374
119
376
313
848
898
256
226
268
187
754
40
808
551
9
475
434
669
118
609
256
411
861
127
866
398
819
914
893
773
12
28
875
730
717
622
581
133
577
583
644
381
931
727
184
231
703
991
822
988
746
262
126
453
95
857
902
5
606
905
344
251
315
316
805
739
599
710
908
868
801
322
575
954
694
798
436
243
936
214
997
910
688
554
371
365
795
945
352
67
86
20
679
769
123
478
703
278
328
665
201
643
187
534
144
82
355
653
29
12
262
543
317
422
523
988
289
305
746
341
693
8
212
689
322
672
956
164
220
139
728
194
564
59
798
601
799
129
926
352
888
802
417
312
589
117
808
550
370
394
339
111
64
522
356
848
279
764
777
204
678
143
560
547
690
315
383
841
962
898
62
401
307
454
5
726
842
397
767
983
548
267
543
44
713
64
526
293
458
972
483
605
272
351
245
186
321
795
131
468
879
28
44
644
806
359
785
373
124
911
337
100
985
788
20
349
194
766
143
546
491
535
475
406
590
395
233
133
788
788
589
491
627
798
908
341
481
799
817
492
472
137
463
299
327
660
220
924
666
559
822
459
451
978
71
164
588
268
532
867
841
909
953
372
188
344
201
195
896
73
54
21
879
907
216
309
720
919
604
773
74
364
13
139
103
388
805
715
303
688
314
152
363
692
787
643
487
502
666
267
311
697
483
749
735
799
323
995
483
135
246
93
316
829
403
459
706
96
928
92
241
282
681
874
948
726
758
659
401
928
195
882
525
647
625
496
217
374
147
859
790
275
574
514
373
744
39
684
369
632
391
36
134
473
869
431
940
252
74
397
35
858
938
203
758
406
822
158
729
92
666
667
650
511
29
807
637
276
761
184
714
258
783
452
346
640
100
269
64
668
108
182
919
886
935
568
786
581
715
275
289
226
431
370
609
630
438
417
862
521
169
713
489
155
707
387
674
329
366
795
88
484
479
739
352
192
653
545
857
121
409
141
140
265
188
938
740
836
837
489
395
869
87
549
688
657
438
300
775
5
61
278
445
98
582
219
416
625
803
881
748
62
264
196
686
155
334
481
692
912
986
204
437
962
28
238
631
648
915
882
573
70
890
751
326
620
810
818
376
930
767
389
798
640
500
366
855
542
885
605
177
861
374
314
650
154
843
625
687
374
30
667
351
198
872
67
719
547
645
502
60
519
710
137
667
109
427
860
786
850
558
967
437
201
34
238
510
378
397
950
624
965
674
497
317
196
477
110
732
201
623
322
63
503
960
361
595
465
614
434
934
68
575
457
825
417
299
931
667
385
706
22
49
431
28
704
637
574
903
525
285
760
596
718
701
569
500
9
188
985
436
287
669
455
177
603
731
100
739
558
432
893
282
274
763
31
323
349
232
919
911
230
807
25
261
78
33
944
718
161
271
276
197
224
585
272
969
462
842
276
267
632
93
263
334
364
721
323
349
851
887
79
213
215
732
115
416
166
362
945
342
932
263
617
786
172
636
185
832
407
257
594
374
903
948
250
819
280
288
479
223
563
534
833
318
97
210
66
467
679
940
331
2
313
153
365
732
659
88
463
695
692
527
641
198
316
18
876
429
254
681
36
221
524
878
744
924
459
4
444
515
683
560
101
390
115
197
42
537
693
170
261
290
81
875
243
622
796
822
719
866
528
141
136
194
806
505
438
455
624
469
46
57
690
282
66
741
837
421
782
872
372
826
166
710
236
558
150
762
109
91
198
612
125
416
451
355
539
204
605
344
407
526
359
310
562
730
4
938
57
86
864
728
857
821
717
637
993
144
665
428
216
546
263
323
18
528
406
206
924
422
746
151
427
609
512
689
829
858
784
213
88
257
470
198
421
105
10
106
544
794
948
27
37
219
233
787
883
73
721
825
760
188
3
95
417
259
142
428
839
67
284
463
929
692
796
408
215
654
320
955
512
786
223
654
118
248
968
260
58
316
98
907
536
814
294
437
385
328
790
572
262
487
954
671
295
38
336
947
455
258
998
408
54
201
831
825
844
307
174
427
389
624
235
221
495
672
415
455
926
972
382
946
729
670
817
753
451
164
303
131
789
541
602
296
369
457
813
150
536
113
632
490
537
138
94
948
244
787
788
954
978
651
976
557
660
249
518
218
518
828
306
28
505
978
989
309
227
692
202
560
42
977
842
773
89
209
177
590
559
979
804
254
913
451
258
844
567
517
633
520
543
689
227
428
10
493
250
941
228
751
458
206
936
110
75
73
636
866
530
986
967
678
859
291
862
902
872
94
913
319
903
288
409
533
654
720
390
880
779
931
769
829
923
212
655
864
117
584
200
979
723
661
586
417
459
403
133
493
266
581
302
110
42
102
170
461
932
70
899
138
926
961
57
212
844
186
878
894
990
531
489
670
706
533
120
39
398
273
231
210
269
633
440
49
246
739
246
38
946
512
500
543
675
691
474
833
868
624
517
839
813
913
334
515
292
682
624
372
120
588
79
981
307
293
428
606
126
42
997
889
508
606
186
556
807
933
780
939
335
839
647
887
755
870
409
390
895
24
729
664
786
159
742
478
199
514
767
847
271
252
206
459
161
723
158
737
462
450
841
699
348
441
486
327
600
982
349
537
190
69
647
745
909
212
82
575
74
841
950
969
383
806
793
357
374
698
659
735
191
731
604
341
713
843
804
63
848
757
342
339
332
507
914
146
813
234
37
593
921
690
150
469
676
703
709
677
284
615
18
660
176
545
1
433
619
978
340
926
57
4
863
384
19
287
93
580
808
946
130
164
644
416
570
726
589
253
905
876
774
822
457
45
455
46
821
476
532
13
455
60
69
153
532
604
672
691
822
218
379
972
373
181
883
803
549
52
136
540
535
25
28
529
717
751
84
451
849
607
668
133
42
466
713
918
317
833
202
178
692
458
147
255
428
725
867
992
345
740
897
758
135
635
773
135
879
350
663
432
448
167
408
165
294
947
696
530
577
150
369
329
385
204
276
673
448
933
588
769
953
255
42
586
136
786
858
487
445
345
289
500
886
559
898
226
7
870
982
343
866
455
659
562
445
44
445
24
0
820
878
385
717
139
376
687
871
200
225
201
519
231
920
639
298
28
848
417
291
596
235
152
172
101
224
862
466
699
214
715
34
823
739
48
44
94
527
960
704
94
31
376
13
524
724
627
288
712
764
943
915
883
973
975
417
382
631
484
400
334
750
758
494
214
973
146
25
337
619
740
459
124
329
138
827
466
101
389
580
523
113
520
636
521
642
440
882
167
532
976
120
689
542
950
172
159
545
203
94
205
544
426
226
815
621
474
730
44
766
566
639
74
939
949
708
5
352
760
976
232
932
836
789
113
808
870
34
388
897
306
18
722
369
454
658
251
660
933
220
562
834
502
884
311
346
645
278
736
428
645
295
525
547
775
462
844
842
229
31
615
336
945
573
272
662
779
598
342
851
901
894
488
797
687
767
565
676
777
470
959
834
528
770
654
608
108
82
904
648
833
285
600
190
667
623
592
86
241
575
652
546
599
449
461
164
522
375
979
636
830
864
280
227
231
279
76
526
683
353
515
92
770
385
693
988
166
375
373
935
159
175
601
559
9
820
599
376
431
852
198
852
152
176
847
487
104
685
639
113
474
391
757
782
380
401
133
331
33
181
639
499
223
129
576
539
681
284
632
528
531
224
475
34
807
269
773
238
526
328
487
475
775
528
325
658
64
13
3
529
689
916
684
508
152
322
600
989
221
217
926
780
843
866
158
401
115
831
638
614
975
412
323
802
56
606
798
261
882
410
873
259
344
936
315
130
8
393
751
811
258
312
992
189
818
94
772
140
904
323
198
573
357
360
251
593
744
972
948
877
991
298
598
388
106
758
356
188
45
627
652
464
47
271
793
763
758
249
510
334
532
335
950
243
108
555
897
705
188
643
191
678
890
760
925
601
807
517
788
464
181
909
992
345
725
28
230
127
695
515
547
658
911
950
97
846
104
995
312
937
840
487
233
652
989
880
960
364
287
405
73
791
140
916
802
456
510
460
376
846
87
959
680
177
793
714
989
723
524
623
730
318
72
533
762
180
102
884
158
177
765
212
412
539
70
549
277
754
47
60
368
701
577
954
936
945
734
927
271
381
667
867
513
633
792
626
166
200
510
446
617
992
871
167
300
771
23
54
667
715
459
907
63
955
621
195
20
855
359
303
90
61
766
58
73
224
338
319
773
439
406
147
741
751
106
25
17
503
545
263
65
632
257
585
330
15
554
870
607
149
632
456
951
582
232
253
107
902
132
290
874
922
800
433
801
563
103
430
848
5
371
58
848
291
459
163
330
918
624
20
394
436
968
815
897
96
984
135
621
970
377
679
110
747
968
162
64
972
939
703
371
282
842
509
595
336
563
544
826
536
627
889
819
294
977
410
582
641
510
139
490
614
493
668
342
45
683
143
591
550
462
729
412
222
504
5
264
926
579
676
911
455
988
469
491
644
316
764
995
122
132
847
481
948
788
742
511
466
335
614
571
228
764
89
817
934
800
445
992
74
379
501
8
55
841
991
658
572
988
983
176
935
514
522
828
884
48
517
131
334
634
673
858
646
789
978
40
258
517
569
10
886
276
495
998
34
243
520
486
395
77
761
938
441
570
732
12
62
745
723
667
258
282
424
51
695
4
643
8
705
820
147
562
232
892
996
44
63
506
218
255
767
545
740
109
31
744
355
726
875
268
891
215
750
44
728
772
970
511
418
741
786
754
635
992
703
480
675
824
311
638
834
629
768
346
864
630
711
223
427
427
384
535
296
586
486
988
429
437
21
45
574
724
921
516
763
414
407
499
148
625
418
957
826
952
881
611
708
68
207
72
17
604
925
275
430
736
318
316
170
466
489
517
419
659
861
970
853
276
178
883
731
895
63
194
174
281
623
299
715
891
923
460
870
965
846
818
43
527
46
616
337
433
804
936
154
152
182
97
400
427
84
544
775
902
186
483
958
395
511
288
753
268
74
480
625
101
110
884
300
807
949
420
521
875
976
635
85
241
62
145
490
551
728
147
924
266
354
796
199
890
873
502
470
187
390
76
544
597
473
744
240
854
891
813
5
700
722
237
168
707
468
602
430
50
793
572
316
689
47
470
762
180
49
810
178
545
65
540
292
291
349
526
565
228
244
361
378
982
917
605
919
392
477
556
227
751
670
717
271
837
420
992
726
549
219
457
330
519
180
184
850
830
207
167
766
123
992
528
539
193
468
627
204
432
247
556
680
501
6
460
651
970
451
267
903
749
550
816
893
982
621
714
196
670
845
386
587
455
340
258
211
407
479
866
163
354
356
376
849
633
625
525
572
856
770
373
72
737
799
953
54
382
624
388
441
678
465
287
728
546
886
407
871
336
489
519
27
980
829
296
83
496
289
852
401
310
962
366
632
360
661
726
180
168
411
491
14
12
289
536
876
568
141
540
798
425
355
900
247
292
117
153
698
879
884
886
568
962
32
250
311
607
8
716
778
457
140
661
929
251
402
998
719
346
214
223
702
273
565
521
25
579
151
682
84
884
715
579
700
79
847
507
494
254
932
916
416
340
136
716
183
59
825
935
350
225
50
435
759
214
512
819
923
42
332
20
61
185
189
679
521
117
472
779
450
734
684
418
802
736
227
205
16
769
145
410
621
448
105
317
245
844
315
716
243
663
34
590
174
161
292
340
840
979
499
774
962
491
234
858
639
183
280
273
583
119
239
147
110
770
499
906
732
475
783
954
677
99
133
807
260
864
502
984
937
348
152
735
925
934
831
485
698
776
205
673
363
190
344
896
411
230
438
552
622
940
8
760
68
491
148
83
853
982
938
779
862
233
305
455
488
647
85
386
627
150
563
377
285
480
228
84
684
688
44
765
270
13
682
732
228
891
441
252
874
96
178
395
147
511
859
687
677
699
231
818
756
816
775
215
609
670
26
416
53
941
29
495
365
661
914
439
716
430
411
127
115
622
230
153
605
486
571
41
917
887
403
433
136
536
906
368
753
58
133
745
201
355
10
840
981
963
285
599
198
866
584
132
351
327
833
368
427
216
422
237
414
142
504
201
135
396
275
10
572
561
887
841
846
813
595
863
149
454
445
262
16
70
480
987
347
713
643
306
584
77
761
64
381
650
339
286
0
401
807
721
339
510
149
292
119
133
272
246
811
621
192
512
998
189
504
298
515
686
636
729
872
685
231
394
486
143
101
197
178
271
549
478
597
546
936
258
808
174
763
199
767
440
575
974
365
161
953
486
851
172
64
69
671
263
311
569
399
927
799
863
790
217
